$ANSIBLE_VAULT;1.1;AES256
38363638353932373932396138383739366261336661323130616136393362616339306436303538
3265376234353234623337363361366462383832653130360a643239616532653637353431633166
39346463616363396466393637336364316134343837383336383664613636366462313038613331
3837366634666434390a326263333366613965303735643939363831336437653461656336656330
31306461666637323632316237376638316263636266333638373737373466326462343134626265
61373037396238306235323437383636346362316631313739666535636465343030363738343032
64366236623764396437333766346462333539383237396163346165353061613337373064306430
31363334363862656136623431376364666631616464616334653864666364316664366233666165
34666233393539653061613962303332633631376463376430306231396264343133653731616434
36316332616135633464643637383932393433306535323265643461333832383162646534393037
66373066666562343564333463393331393164616131616130396439356563343236373638333834
63323937653138353934393838316533363138323731366665663562376238303039653264396537
30666636663662363230303635333639613538303365633464656237393935363034353838623364
33643066363064613335623262346261363634393735373130653136323861393632303262373062
35386266633338393664303831366533306162653433333430303662373164333366343537303937
63633739333165336465313562366130613937623034643630333466313639366433646163376333
63306464303466613231383861613031363134336264346165653963656639623163353533663836
32323435346662663935306538326332393030323563656665333531623838623765383930306265
32626339316235343239373337306431613036373237383239356164313062376462326566306331
66656562323663336361306332393361373135636534306265333633616464373733616331336538
64303939656165633539666138643763383765303136303733383461313231623434313665623964
66376465656438623666643233366463623564663562626435376561333061316465373465323933
653634353434636130373165323361653664
